digraph Tree {
node [shape=box] ;
0 [label="X[1] <= 0.403\nentropy = 4.689\nsamples = 69\nvalue = [1, 1, 2, 6, 6, 4, 3, 1, 1, 2, 1, 1, 1, 3\n1, 5, 2, 1, 3, 3, 3, 2, 2, 1, 3, 2, 3, 1\n1, 1, 2]"] ;
1 [label="X[3] <= 0.354\nentropy = 3.542\nsamples = 34\nvalue = [1, 0, 2, 6, 6, 4, 3, 1, 1, 2, 1, 1, 1, 1\n0, 3, 0, 0, 0, 0, 1, 0, 0, 0, 0, 0, 0, 0\n0, 0, 0]"] ;
0 -> 1 [labeldistance=2.5, labelangle=45, headlabel="True"] ;
2 [label="entropy = 2.725\nsamples = 9\nvalue = [0, 0, 0, 0, 0, 0, 0, 0, 1, 2, 0, 1, 1, 1\n0, 2, 0, 0, 0, 0, 1, 0, 0, 0, 0, 0, 0, 0\n0, 0, 0]"] ;
1 -> 2 ;
3 [label="X[1] <= 0.278\nentropy = 2.813\nsamples = 25\nvalue = [1, 0, 2, 6, 6, 4, 3, 1, 0, 0, 1, 0, 0, 0\n0, 1, 0, 0, 0, 0, 0, 0, 0, 0, 0, 0, 0, 0\n0, 0, 0]"] ;
1 -> 3 ;
4 [label="X[0] <= 4.85\nentropy = 2.234\nsamples = 17\nvalue = [1, 0, 1, 6, 4, 4, 0, 1, 0, 0, 0, 0, 0, 0\n0, 0, 0, 0, 0, 0, 0, 0, 0, 0, 0, 0, 0, 0\n0, 0, 0]"] ;
3 -> 4 ;
5 [label="entropy = 2.156\nsamples = 8\nvalue = [1, 0, 1, 3, 0, 2, 0, 1, 0, 0, 0, 0, 0, 0\n0, 0, 0, 0, 0, 0, 0, 0, 0, 0, 0, 0, 0, 0\n0, 0, 0]"] ;
4 -> 5 ;
6 [label="entropy = 1.53\nsamples = 9\nvalue = [0, 0, 0, 3, 4, 2, 0, 0, 0, 0, 0, 0, 0, 0\n0, 0, 0, 0, 0, 0, 0, 0, 0, 0, 0, 0, 0, 0\n0, 0, 0]"] ;
4 -> 6 ;
7 [label="entropy = 2.156\nsamples = 8\nvalue = [0, 0, 1, 0, 2, 0, 3, 0, 0, 0, 1, 0, 0, 0\n0, 1, 0, 0, 0, 0, 0, 0, 0, 0, 0, 0, 0, 0\n0, 0, 0]"] ;
3 -> 7 ;
8 [label="X[0] <= 6.45\nentropy = 4.129\nsamples = 35\nvalue = [0, 1, 0, 0, 0, 0, 0, 0, 0, 0, 0, 0, 0, 2\n1, 2, 2, 1, 3, 3, 2, 2, 2, 1, 3, 2, 3, 1\n1, 1, 2]"] ;
0 -> 8 [labeldistance=2.5, labelangle=-45, headlabel="False"] ;
9 [label="X[0] <= 6.25\nentropy = 3.463\nsamples = 21\nvalue = [0, 1, 0, 0, 0, 0, 0, 0, 0, 0, 0, 0, 0, 2\n1, 2, 0, 1, 2, 3, 1, 2, 2, 0, 3, 0, 0, 0\n1, 0, 0]"] ;
8 -> 9 ;
10 [label="X[2] <= 2.85\nentropy = 3.085\nsamples = 12\nvalue = [0, 1, 0, 0, 0, 0, 0, 0, 0, 0, 0, 0, 0, 2\n1, 1, 0, 1, 2, 1, 1, 2, 0, 0, 0, 0, 0, 0\n0, 0, 0]"] ;
9 -> 10 ;
11 [label="entropy = 2.236\nsamples = 7\nvalue = [0, 0, 0, 0, 0, 0, 0, 0, 0, 0, 0, 0, 0, 2\n1, 0, 0, 0, 1, 0, 1, 2, 0, 0, 0, 0, 0, 0\n0, 0, 0]"] ;
10 -> 11 ;
12 [label="entropy = 2.322\nsamples = 5\nvalue = [0, 1, 0, 0, 0, 0, 0, 0, 0, 0, 0, 0, 0, 0\n0, 1, 0, 1, 1, 1, 0, 0, 0, 0, 0, 0, 0, 0\n0, 0, 0]"] ;
10 -> 12 ;
13 [label="entropy = 2.197\nsamples = 9\nvalue = [0, 0, 0, 0, 0, 0, 0, 0, 0, 0, 0, 0, 0, 0\n0, 1, 0, 0, 0, 2, 0, 0, 2, 0, 3, 0, 0, 0\n1, 0, 0]"] ;
9 -> 13 ;
14 [label="X[0] <= 7.0\nentropy = 3.039\nsamples = 14\nvalue = [0, 0, 0, 0, 0, 0, 0, 0, 0, 0, 0, 0, 0, 0\n0, 0, 2, 0, 1, 0, 1, 0, 0, 1, 0, 2, 3, 1\n0, 1, 2]"] ;
8 -> 14 ;
15 [label="entropy = 2.503\nsamples = 9\nvalue = [0, 0, 0, 0, 0, 0, 0, 0, 0, 0, 0, 0, 0, 0\n0, 0, 2, 0, 1, 0, 1, 0, 0, 1, 0, 2, 2, 0\n0, 0, 0]"] ;
14 -> 15 ;
16 [label="entropy = 1.922\nsamples = 5\nvalue = [0, 0, 0, 0, 0, 0, 0, 0, 0, 0, 0, 0, 0, 0\n0, 0, 0, 0, 0, 0, 0, 0, 0, 0, 0, 0, 1, 1\n0, 1, 2]"] ;
14 -> 16 ;
}
